StartChar: E
Encoding: 69 69 16
Width: 1024
VWidth: 0
Flags: W
HStem: 0 21G<44 185> 680 20G<44 185>
VStem: 44 141<0 700>
LayerCount: 2
Back
Fore
Refer: 2 -1 S 2.56293e-17 -1 0.418571 6.12303e-17 113 185 2
Refer: 2 -1 S 1.74944e-17 -1 0.285714 6.12303e-17 114 462 2
Refer: 2 -1 S 2.56293e-17 -1 0.418571 6.12303e-17 113 744 2
Refer: 2 -1 S 1 0 0 1 0 0 2
EndChar
