StartChar: F
Encoding: 70 70 20
Width: 463
VWidth: 0
Flags: HW
HStem: 0.666992 21G<50 191> 277 141<89 319> 559.667 141<183 413> 680.667 20G<50 191>
VStem: 50 141<0.666992 700.667> 89 230<277 418> 183 230<559.667 700.667>
LayerCount: 2
Back
Fore
Refer: 28 -1 N 1 0 0 1 60 -121 2
Refer: 28 -1 N 1 0 0 1 154 161.667 2
Refer: 2 -1 N 1 0 0 1 6 0.666992 2
Colour: ff0000
EndChar
