StartChar: F
Encoding: 70 70 20
Width: 456
VWidth: 0
Flags: W
HStem: 0.666992 21G<44 185> 277 141<83 313> 559.667 141<177 407> 680.667 20G<44 185>
VStem: 44 141<0.666992 700.667> 83 230<277 418> 177 230<559.667 700.667>
LayerCount: 2
Back
Fore
Refer: 28 -1 N 1 0 0 1 54 -121 2
Refer: 28 -1 N 1 0 0 1 148 161.667 2
Refer: 2 -1 N 1 0 0 1 0 0.666992 2
EndChar
