StartChar: L
Encoding: 76 76 5
Width: 1024
VWidth: 0
Flags: W
HStem: 0 21G<44 185> 680 20G<44 185>
VStem: 44 141<0 700>
LayerCount: 2
Back
Fore
Refer: 2 -1 N 3.24531e-17 -1 0.53 6.12323e-17 48.5 183 2
Refer: 2 -1 N 1 0 0 1 0 0 2
EndChar
