StartChar: NameMe.258
Encoding: 258 -1 13
Width: 1024
VWidth: 0
Flags: W
HStem: -7.5 197.25 185 10.1625G<324 465> 514.072 9.67858G<324 465>
VStem: 278.5 186.75 324 141<185 523.75>
LayerCount: 2
Back
Fore
Refer: 14 -1 N 6.12303e-17 1 -1 6.12303e-17 457.875 240.625 2
Refer: 2 -1 S 1 0 0 0.483929 280 185 2
Refer: 14 -1 N 1 0 0 1 1 0 2
EndChar
