StartChar: T
Encoding: 84 84 6
Width: 528
VWidth: 0
Flags: W
HStem: 0 21G<182 323> 680 20G<182 323>
VStem: 182 141<0 700>
LayerCount: 2
Back
Fore
Refer: 2 -1 N 3.79641e-17 -1 0.62 6.12323e-17 39.22 746 2
Refer: 2 -1 N 1 0 0 1 138 0 2
EndChar
