StartChar: b
Encoding: 98 98 78
Width: 437
VWidth: 0
Flags: W
HStem: 0 21G<74.1404 185 74.1404 185> 0.167969 21G<233 252 233 252> 377.257 1.88965<289.478 397.466> 495.688 20G<233 252> 678 20G<74 184.86>
VStem: 74.1445 110.855<0 698> 233 19<0.3125 106.585 409.203 515.688> 289.478 108.776<110.317 138.921 377.257 405.86>
LayerCount: 2
Back
Fore
Refer: 63 100 S -1 0 0 1 454 0 2
Validated: 21
EndChar
