StartChar: o
Encoding: 111 111 53
Width: 480
VWidth: 0
Flags: W
HStem: 376.663 1.8936<302.549 408.965> 376.848 1.89108<66.8001 176.382>
VStem: 66.0004 110.381<109.706 138.331 376.848 405.473> 302.549 107.192<109.165 137.828 376.663 405.326>
LayerCount: 2
Back
Fore
Refer: 52 -1 S -1.01475 0 0 1.00076 484.337 -0.382767 2
Refer: 52 -1 S 0.985439 0 0 1.00209 3.49043 -1.0701 2
Validated: 21
EndChar
